$ANSIBLE_VAULT;1.1;AES256
30383936306333626536346131626235623630346333353061306430336233343635306261383862
3439363639346530643065656566626235616538396435390a666364336234646532643034656638
61616136616537643338306565303235633533653562346663636663313839303731323935366537
3133643230353533320a666465636333643862366565343537646338366431396437663764386438
63353365343236326135303536626665386136323062336562616339663434393366323535613837
66646466326465333562386436653362316431633231333861613132613962636432376336333962
62623731346535663361663138666161326332633434343263346636323538326263323764663264
62623137366232633566393061393936363033653861643237623931353362653839326537356337
33346330393933636432643663343538663036643765313039653834313434336362653332653334
32313866393932303730646432613331383766323038393863623435336162323664396564353966
36656136633338633563373730633639613461306239326266396361386466616130653534303232
33633361383136373364313630376664623766653139653864386531373262646638313565386137
34303536363136303832366239663439623361323133386663393633303138303764653731383661
64643866326131306366376466323930346262386266313165343162326463383831653666363765
64343833303237646437356530663733343133383865386163626463666435373864636131636137
65643930376638333666383561386634626466663665646631356466656637353664313063653165
64653562316162646132636137323166623162373462333131303633376636666434323732373963
30653431396466613035666164626637633732306365646438303837653037653331663138636630
62656335633237656131356531376632636638653737396432656161336530313230303736343236
63613438333635376234393164393362343936646661343262366163346635633037323031383264
37646633326163643834306134386663626535653934653566623032386132386234336562336563
30616534383962373165616331336363373836353663303766653137643162633631343435626233
61366438616264306637333764313039346637323836623033396464303864613538333239343863
33633237366234376533636666313734633930333463306662353037373964333134316262623436
31623931313434333038326630356234336436633233393939623537383039303964353930643931
30646163306631623932353263313239393165643933613132373035353235396566333662336530
61343137363163356130323535613337336234653332333436336139346530306634353663666237
39663836346639383363663333646363356462396663376231346565663337353966353232626630
38636439653465393139633531633738353362373839623365626338646562313238333531356265
36393565343164353435396134323861383436386530626532323936663665613339353030666430
31643138346665653764633262306531643832373937333438303032663361303239623465663830
31613261393035666264666235626131653438623231323032386335633430636362363037613339
34363261656631353061353037623266303463373938633739373636656331386535386362333932
35616630346161376330643637306166353464306433623639383961613439616239643264366362
37393262643865633838313364336637633262613538386336366337323862393032633762663335
64316334623766626430393834383830366364613866356339633362366538616233623461643164
66326432383131396638323230383435653863353831343438616261336532366131356661633261
33383163316363393462343632323631303166313435376566323634343033336664663563306361
36383265323262343233346665363063653834663839396233626635646532633233386236663765
31343234323635653563313961356136633631343366313730353432646534326364373532636539
64353163663431376264633430313431663137653238663434616537616531313833623438326663
30393231353333383138303864386565316263346433363131663866313838633163376634656135
35323636643033323634643365646463316132666133393133333165386431636263636231383866
64346266333065383932393539363534613132363039666165346331306562346164306534373564
33666236383862643931353439366535343839353133306134353662386237643530633430396133
34333933643464656462373563636235303139613064376464393233396632356634323037636538
37373934623766663065636135326333643362613435323265633463313063316165336364303534
35613064636430333134323664646338616339373638356261343837333264363534376266313764
62366331326334316164333038653562366336643734356266376332343738326265633762616337
62626331333865373261663636313430326138653439353838613765653338643961323963366233
35643266326266623664653039623936376336623532356661383739333232623565626132633661
37623830393531303536353731396639373338653032303437333562366666386364326266316362
61323566393937353265316138393135353131316563306632383133653234303937323039643962
61313162303539623063383933343633353433363131623464643632646231313033353061643034
63663030613039353434643433633837626664636532643866663338616565623566623335666338
30333739633938346233346534643731666532646664646261383365326537633932353638643036
66336237343230643961326133353664306632303935666534306464623039306261613431313737
34613661366561616661356235363535303563663032373762666165643334626234323937396335
39383435306235346638343637373463303235616337653737306637333562383061646165303634
33396339643865336262343864396263346363353366353438646532373335353861303038366236
39646339396233353466663330646537323731376632616162623835373264396265323331613433
39656339363765376431373266386665316264353532363639386663633035353637353531326230
31643964613664313235323937323838313763626230353861326564666333393636326634363365
33623866383762626639313339333332323265643466626635373639313664393663303738326431
62643934623430613836373866623432313434623166653862626630313265313066643161316362
63376132643163636536663631376663366330663036396362373665356535623730353863366634
31666261333931396236643735303330393634346161623461313562333137353630613464326663
34323865373837363430636234613834316366663264306463376438373539313535393530633964
37653935393665323362366438383565373064613533366332616463626132613335626534616432
33343065653031303963656666613134356236646633393566396636623033336332333164396538
32616332326237373837366533366535366333386636623131303534323035646263373763366564
36656537653537386137396238343563373533656664643538306236303535303937363665626337
62646135353264383735363439626634666538653164363962376261623263343039666164396139
6639646164356232306430353862623063316461386434356161
